%YAML:1.0
n: [ 1.0843469374336425e+000, -1.2810418508037799e-001,
    -9.6341828260531698e-002 ]
d: 5.8849914766781893e+001
