%YAML:1.0
n: [ 1.1052649120484861e+000, -1.6964402423423203e-001,
    -1.2212321330937861e-001 ]
d: 6.1520102937650300e+001
