%YAML:1.0
n: [ 1.0897645192066943e+000, -9.2003940740146575e-002,
    -1.1697278118456976e-001 ]
d: 6.3443110797736864e+001
